---
poses:
- x: -50.0
  y: -50.0
  heading: 0.0
- x: 50.0
  y: -50.0
  heading: 0.0
- x: 50.0
  y: 50.0
  heading: 0.0
- x: -50.0
  y: 50.0
  heading: 0.0
- x: -50.0
  y: -50.0
  heading: 0.0
constraints:
  maxVel: 30.0
  maxAccel: 30.0
  maxJerk: 0.0
  maxAngVel: 3.141592653589793
  maxAngAccel: 6.283185307179586
  maxAngJerk: 0.0
resolution: 0.25
